0.0000000000000000E+00 0.0000000000000000E+00
0.0000000000000000E+00 0.0000000000000000E+00
1.0000000000000000E-04 1.0000000000000000E-04
2.1000000000000001E-04 2.1000000000000001E-04
3.3100000000000002E-04 3.3100000000000002E-04
4.6410000000000006E-04 4.6410000000000006E-04
6.1051000000000009E-04 6.1051000000000009E-04
7.7156100000000014E-04 7.7156100000000014E-04
9.4871710000000021E-04 9.4871710000000021E-04
1.1435888100000003E-03 1.1435888100000003E-03
1.3579476910000005E-03 1.3579476910000005E-03
