0.0000000000000000E+00 5.5733999999999999E-02
1.0000000000000000E-04 5.7777000000000002E-02
2.1000000000000001E-04 5.7731999999999999E-02
3.3100000000000002E-04 5.7750999999999997E-02
4.6410000000000006E-04 5.7340000000000002E-02
6.1051000000000009E-04 5.7638000000000002E-02
7.7156100000000014E-04 5.8309000000000000E-02
9.4871710000000021E-04 5.8231999999999999E-02
1.1435888100000003E-03 5.8971000000000003E-02
1.3579476910000005E-03 5.8406000000000000E-02
1.5937424601000006E-03 5.9062000000000003E-02
1.8531167061100009E-03 5.8952999999999998E-02
2.1384283767210011E-03 6.0232000000000001E-02
2.4522712143931012E-03 5.9301000000000000E-02
2.7974983358324116E-03 5.8798999999999997E-02
3.1772481694156531E-03 5.8994999999999999E-02
3.5949729863572187E-03 5.9290000000000002E-02
4.0544702849929408E-03 6.1033999999999998E-02
4.5599173134922349E-03 6.1082999999999998E-02
5.1159090448414588E-03 6.0589999999999998E-02
5.7274999493256047E-03 6.0958999999999999E-02
6.4002499442581658E-03 6.0502000000000000E-02
7.1402749386839832E-03 6.0503000000000001E-02
7.9543024325523827E-03 6.0155000000000000E-02
8.8497326758076224E-03 6.1261000000000003E-02
9.6839671560633740E-03 6.0930999999999999E-02
1.0467266025788046E-02 6.1170000000000002E-02
1.1212835997284079E-02 6.0720000000000003E-02
1.1931775378856936E-02 6.1691000000000003E-02
1.2632921544335877E-02 6.1329000000000002E-02
1.3322938591775080E-02 6.1296000000000003E-02
1.4006501214818043E-02 6.1228999999999999E-02
1.4686542836433404E-02 6.1401999999999998E-02
1.5364583005922030E-02 6.1315000000000001E-02
1.6041139706314968E-02 6.1327000000000000E-02
1.6716187601688293E-02 6.1585000000000001E-02
1.7389582507798016E-02 6.2114999999999997E-02
1.8061371530713376E-02 6.2024000000000003E-02
1.8731948107270219E-02 6.1608000000000003E-02
1.9402060570795261E-02 6.2045000000000003E-02
2.0072714592209686E-02 6.0942000000000003E-02
2.0745051654589095E-02 6.1573000000000003E-02
2.1420223779624804E-02 6.1321000000000001E-02
2.2099307308155108E-02 6.2798999999999994E-02
2.2777617547117848E-02 6.1310000000000003E-02
2.3454182344104939E-02 6.3335000000000002E-02
2.4129495801819084E-02 6.2246000000000003E-02
2.4804613754548999E-02 6.1536000000000000E-02
2.5480896626627211E-02 6.1273000000000001E-02
2.6159846105857233E-02 6.1196000000000000E-02
2.6842994266360283E-02 6.1198000000000002E-02
2.7528251417510065E-02 6.1905000000000002E-02
2.8212466253264134E-02 6.1100000000000002E-02
2.8895490216564266E-02 6.1637999999999998E-02
2.9578009937305576E-02 6.1863000000000001E-02
3.0261264841215406E-02 6.1323000000000003E-02
3.0946750721260508E-02 6.1098000000000000E-02
3.1636125706959041E-02 6.1983000000000003E-02
3.2328376850843124E-02 6.1592000000000001E-02
3.3020912757427336E-02 6.1903000000000000E-02
3.3710803902064240E-02 6.0944999999999999E-02
3.4398261975980657E-02 6.0740000000000002E-02
3.5087232284852582E-02 6.1045000000000002E-02
3.5779613698825097E-02 6.3564999999999997E-02
3.6475819200548432E-02 6.2583000000000000E-02
3.7175182201487356E-02 6.1210000000000001E-02
3.7876283865854142E-02 6.1795999999999997E-02
3.8574583827023029E-02 6.1670000000000003E-02
3.9267868188074401E-02 6.1756999999999999E-02
3.9961552327377685E-02 6.1670000000000003E-02
4.0658542884479378E-02 6.1665999999999999E-02
4.1360108946848689E-02 6.1772000000000001E-02
4.2066149691281585E-02 6.1698999999999997E-02
4.2775458503129977E-02 6.2512999999999999E-02
4.3484966046952254E-02 6.1823000000000003E-02
4.4186150558121223E-02 6.2518000000000004E-02
4.4885863256802175E-02 6.2370000000000002E-02
4.5588194621018326E-02 6.3638000000000000E-02
4.6295293863397542E-02 6.1803999999999998E-02
4.7007750727608190E-02 6.1636000000000003E-02
4.7724841875952086E-02 6.1226999999999997E-02
4.8444848854300233E-02 6.1830999999999997E-02
4.9155942338268123E-02 6.1579000000000002E-02
4.9863088504408098E-02 6.1575999999999999E-02
5.0571605054050332E-02 6.1480000000000000E-02
5.1284483781954306E-02 6.2232000000000003E-02
5.2003062276323772E-02 6.1796999999999998E-02
5.2727179704704100E-02 6.1887999999999999E-02
5.3455154976557943E-02 6.1238000000000001E-02
5.4178117068173999E-02 6.2978000000000006E-02
5.4894112451153526E-02 6.1880999999999999E-02
5.5609648473319929E-02 6.1900999999999998E-02
5.6328574426917410E-02 6.1990000000000003E-02
5.7052975636361400E-02 6.1452000000000000E-02
5.7783382739770982E-02 6.1949999999999998E-02
5.8518556295140023E-02 6.2446000000000002E-02
5.9254847284938891E-02 6.1887999999999999E-02
5.9981041664949546E-02 6.2059000000000003E-02
6.0704441565750063E-02 6.2295000000000003E-02
6.1429916000064089E-02 6.2564999999999996E-02
