0.0000000000000000E+00 5.5861473083496094E-02
1.0000000000000000E-04 5.7932138442993164E-02
2.1000000000000001E-04 5.7883262634277344E-02
3.3100000000000002E-04 5.7873487472534180E-02
4.6410000000000006E-04 5.7480812072753906E-02
6.1051000000000009E-04 5.7751417160034180E-02
7.7156100000000014E-04 5.8426141738891602E-02
9.4871710000000021E-04 5.8378934860229492E-02
1.1435888100000003E-03 5.9077501296997070E-02
1.3579476910000005E-03 5.8506488800048828E-02
1.5937424601000006E-03 5.9187889099121094E-02
1.8531167061100009E-03 5.9098005294799805E-02
2.1384283767210011E-03 6.0404777526855469E-02
2.4522712143931012E-03 5.9475660324096680E-02
2.7974983358324116E-03 5.8964252471923828E-02
3.1772481694156531E-03 5.9149742126464844E-02
3.5949729863572187E-03 5.9456586837768555E-02
4.0544702849929408E-03 6.1180114746093750E-02
4.5599173134922349E-03 6.1237096786499023E-02
5.1159090448414588E-03 6.0733556747436523E-02
5.7274999493256047E-03 6.1114788055419922E-02
6.4002499442581658E-03 6.0631036758422852E-02
7.1402749386839832E-03 6.0616493225097656E-02
7.9543024325523827E-03 6.0295820236206055E-02
8.8497326758076224E-03 6.1439752578735352E-02
9.6839671560633740E-03 6.1094999313354492E-02
1.0467266025788046E-02 6.1320543289184570E-02
1.1212835997284079E-02 6.0831546783447266E-02
1.1931775378856936E-02 6.1866998672485352E-02
1.2632921544335877E-02 6.1474323272705078E-02
1.3322938591775080E-02 6.1422824859619141E-02
1.4006501214818043E-02 6.1387062072753906E-02
1.4686542836433404E-02 6.1535358428955078E-02
1.5364583005922030E-02 6.1448097229003906E-02
1.6041139706314968E-02 6.1497449874877930E-02
1.6716187601688293E-02 6.1746120452880859E-02
1.7389582507798016E-02 6.2262058258056641E-02
1.8061371530713376E-02 6.2175750732421875E-02
1.8731948107270219E-02 6.1779975891113281E-02
1.9402060570795261E-02 6.2192201614379883E-02
2.0072714592209686E-02 6.1073064804077148E-02
2.0745051654589095E-02 6.1788082122802734E-02
2.1420223779624804E-02 6.1449050903320312E-02
2.2099307308155108E-02 6.2956571578979492E-02
2.2777617547117848E-02 6.1444044113159180E-02
2.3454182344104939E-02 6.3519954681396484E-02
2.4129495801819084E-02 6.2442541122436523E-02
2.4804613754548999E-02 6.1699390411376953E-02
2.5480896626627211E-02 6.1445713043212891E-02
2.6159846105857233E-02 6.1334133148193359E-02
2.6842994266360283E-02 6.1337947845458984E-02
2.7528251417510065E-02 6.2062025070190430E-02
2.8212466253264134E-02 6.1226129531860352E-02
2.8895490216564266E-02 6.1774969100952148E-02
2.9578009937305576E-02 6.2010526657104492E-02
3.0261264841215406E-02 6.1461687088012695E-02
3.0946750721260508E-02 6.1253786087036133E-02
3.1636125706959041E-02 6.2127590179443359E-02
3.2328376850843124E-02 6.1767816543579102E-02
3.3020912757427336E-02 6.2054395675659180E-02
3.3710803902064240E-02 6.1114072799682617E-02
3.4398261975980657E-02 6.0884952545166016E-02
3.5087232284852582E-02 6.1184644699096680E-02
3.5779613698825097E-02 6.3750267028808594E-02
3.6475819200548432E-02 6.2745571136474609E-02
3.7175182201487356E-02 6.1331510543823242E-02
3.7876283865854142E-02 6.1966180801391602E-02
3.8574583827023029E-02 6.1845541000366211E-02
3.9267868188074401E-02 6.1914205551147461E-02
3.9961552327377685E-02 6.1841964721679688E-02
4.0658542884479378E-02 6.1796903610229492E-02
4.1360108946848689E-02 6.1941146850585938E-02
4.2066149691281585E-02 6.1866521835327148E-02
4.2775458503129977E-02 6.2681198120117188E-02
4.3484966046952254E-02 6.1985492706298828E-02
4.4186150558121223E-02 6.2717676162719727E-02
4.4885863256802175E-02 6.2548398971557617E-02
4.5588194621018326E-02 6.3846588134765625E-02
4.6295293863397542E-02 6.1955690383911133E-02
4.7007750727608190E-02 6.1830520629882812E-02
4.7724841875952086E-02 6.1385869979858398E-02
4.8444848854300233E-02 6.2014579772949219E-02
4.9155942338268123E-02 6.1722755432128906E-02
4.9863088504408098E-02 6.1714887619018555E-02
5.0571605054050332E-02 6.1636447906494141E-02
5.1284483781954306E-02 6.2381029129028320E-02
5.2003062276323772E-02 6.1924934387207031E-02
5.2727179704704100E-02 6.2053203582763672E-02
5.3455154976557943E-02 6.1395883560180664E-02
5.4178117068173999E-02 6.3150644302368164E-02
5.4894112451153526E-02 6.2044382095336914E-02
5.5609648473319929E-02 6.2069416046142578E-02
5.6328574426917410E-02 6.2146902084350586E-02
5.7052975636361400E-02 6.1575651168823242E-02
5.7783382739770982E-02 6.2105655670166016E-02
5.8518556295140023E-02 6.2638044357299805E-02
5.9254847284938891E-02 6.2068462371826172E-02
5.9981041664949546E-02 6.2196969985961914E-02
6.0704441565750063E-02 6.2453985214233398E-02
6.1429916000064089E-02 6.2718152999877930E-02
