0.0000000000000000E+00 5.5861473083496094E-02
1.0000000000000000E-04 1.1419081687927246E-01
2.1000000000000001E-04 1.7220926284790039E-01
3.3100000000000002E-04 2.3021245002746582E-01
4.6410000000000006E-04 2.8785514831542969E-01
6.1051000000000009E-04 3.4576296806335449E-01
7.7156100000000014E-04 4.0433478355407715E-01
9.4871710000000021E-04 4.6287560462951660E-01
1.1435888100000003E-03 5.2212357521057129E-01
1.3579476910000005E-03 5.8076119422912598E-01
1.5937424601000006E-03 6.4011883735656738E-01
1.8531167061100009E-03 6.9933700561523438E-01
2.1384283767210011E-03 7.6039361953735352E-01
2.4522712143931012E-03 8.1999897956848145E-01
2.7974983358324116E-03 8.7909173965454102E-01
3.1772481694156531E-03 9.3840599060058594E-01
3.5949729863572187E-03 9.9800372123718262E-01
4.0544702849929408E-03 1.0593290328979492E+00
4.5599173134922349E-03 1.1207065582275391E+00
5.1159090448414588E-03 1.1815962791442871E+00
5.7274999493256047E-03 1.2428750991821289E+00
6.4002499442581658E-03 1.3036673069000244E+00
7.1402749386839832E-03 1.3644556999206543E+00
7.9543024325523827E-03 1.4248995780944824E+00
8.8497326758076224E-03 1.4864952564239502E+00
9.6839671560633740E-03 1.5477173328399658E+00
1.0467266025788046E-02 1.6091835498809814E+00
1.1212835997284079E-02 1.6701490879058838E+00
1.1931775378856936E-02 1.7321729660034180E+00
1.2632921544335877E-02 1.7937998771667480E+00
1.3322938591775080E-02 1.8553824424743652E+00
1.4006501214818043E-02 1.9169194698333740E+00
1.4686542836433404E-02 1.9786336421966553E+00
1.5364583005922030E-02 2.0402388572692871E+00
1.6041139706314968E-02 2.1018972396850586E+00
1.6716187601688293E-02 2.1638038158416748E+00
1.7389582507798016E-02 2.2262237071990967E+00
1.8061371530713376E-02 2.2885518074035645E+00
1.8731948107270219E-02 2.3505082130432129E+00
1.9402060570795261E-02 2.4128570556640625E+00
2.0072714592209686E-02 2.4740867614746094E+00
2.0745051654589095E-02 2.5359995365142822E+00
2.1420223779624804E-02 2.5975909233093262E+00
2.2099307308155108E-02 2.6607089042663574E+00
2.2777617547117848E-02 2.7223005294799805E+00
2.3454182344104939E-02 2.7859914302825928E+00
2.4129495801819084E-02 2.8486380577087402E+00
2.4804613754548999E-02 2.9105021953582764E+00
2.5480896626627211E-02 2.9721076488494873E+00
2.6159846105857233E-02 3.0335962772369385E+00
2.6842994266360283E-02 3.0950930118560791E+00
2.7528251417510065E-02 3.1573178768157959E+00
2.8212466253264134E-02 3.2187099456787109E+00
2.8895490216564266E-02 3.2806434631347656E+00
2.9578009937305576E-02 3.3428306579589844E+00
3.0261264841215406E-02 3.4044427871704102E+00
3.0946750721260508E-02 3.4658930301666260E+00
3.1636125706959041E-02 3.5281805992126465E+00
3.2328376850843124E-02 3.5901129245758057E+00
3.3020912757427336E-02 3.6523528099060059E+00
3.3710803902064240E-02 3.7136285305023193E+00
3.4398261975980657E-02 3.7746512889862061E+00
3.5087232284852582E-02 3.8359904289245605E+00
3.5779613698825097E-02 3.8999037742614746E+00
3.6475819200548432E-02 3.9627900123596191E+00
3.7175182201487356E-02 4.0242760181427002E+00
3.7876283865854142E-02 4.0864057540893555E+00
3.8574583827023029E-02 4.1484119892120361E+00
3.9267868188074401E-02 4.2104780673980713E+00
3.9961552327377685E-02 4.2724878787994385E+00
4.0658542884479378E-02 4.3344354629516602E+00
4.1360108946848689E-02 4.3965032100677490E+00
4.2066149691281585E-02 4.4585304260253906E+00
4.2775458503129977E-02 4.5213720798492432E+00
4.3484966046952254E-02 4.5834932327270508E+00
4.4186150558121223E-02 4.6463775634765625E+00
4.4885863256802175E-02 4.7090523242950439E+00
4.5588194621018326E-02 4.7730567455291748E+00
4.6295293863397542E-02 4.8351449966430664E+00
4.7007750727608190E-02 4.8971533775329590E+00
4.7724841875952086E-02 4.9587004184722900E+00
4.8444848854300233E-02 5.0208661556243896E+00
4.9155942338268123E-02 5.0827641487121582E+00
4.9863088504408098E-02 5.1446440219879150E+00
5.0571605054050332E-02 5.2064371109008789E+00
5.1284483781954306E-02 5.2689685821533203E+00
5.2003062276323772E-02 5.3310632705688477E+00
5.2727179704704100E-02 5.3932702541351318E+00
5.3455154976557943E-02 5.4548068046569824E+00
5.4178117068173999E-02 5.5181293487548828E+00
5.4894112451153526E-02 5.5803153514862061E+00
5.5609648473319929E-02 5.6425604820251465E+00
5.6328574426917410E-02 5.7048671245574951E+00
5.7052975636361400E-02 5.7665767669677734E+00
5.7783382739770982E-02 5.8288431167602539E+00
5.8518556295140023E-02 5.8916435241699219E+00
5.9254847284938891E-02 5.9538345336914062E+00
5.9981041664949546E-02 6.0161824226379395E+00
6.0704441565750063E-02 6.0788276195526123E+00
6.1429916000064089E-02 6.1417179107666016E+00
