0.0000000000000000E+00 5.5733999999999999E-02
1.0000000000000000E-04 1.1390900000000001E-01
2.1000000000000001E-04 1.7177700000000001E-01
3.3100000000000002E-04 2.2965900000000000E-01
4.6410000000000006E-04 2.8715800000000002E-01
6.1051000000000009E-04 3.4495300000000007E-01
7.7156100000000014E-04 4.0340800000000004E-01
9.4871710000000021E-04 4.6180000000000004E-01
1.1435888100000003E-03 5.2094200000000002E-01
1.3579476910000005E-03 5.7948000000000000E-01
1.5937424601000006E-03 6.3871199999999995E-01
1.8531167061100009E-03 6.9778600000000002E-01
2.1384283767210011E-03 7.5865899999999997E-01
2.4522712143931012E-03 8.1809000000000009E-01
2.7974983358324116E-03 8.7701800000000008E-01
3.1772481694156531E-03 9.3617900000000009E-01
3.5949729863572187E-03 9.9560999999999999E-01
4.0544702849929408E-03 1.0567900000000001E+00
4.5599173134922349E-03 1.1180130000000001E+00
5.1159090448414588E-03 1.1787600000000000E+00
5.7274999493256047E-03 1.2398770000000001E+00
6.4002499442581658E-03 1.3005410000000002E+00
7.1402749386839832E-03 1.3612160000000000E+00
7.9543024325523827E-03 1.4215199999999999E+00
8.8497326758076224E-03 1.4829379999999999E+00
9.6839671560633740E-03 1.5439969999999998E+00
1.0467266025788046E-02 1.6053139999999997E+00
1.1212835997284079E-02 1.6661689999999998E+00
1.1931775378856936E-02 1.7280179999999996E+00
1.2632921544335877E-02 1.7894999999999996E+00
1.3322938591775080E-02 1.8509569999999997E+00
1.4006501214818043E-02 1.9123369999999997E+00
1.4686542836433404E-02 1.9739189999999998E+00
1.5364583005922030E-02 2.0353929999999996E+00
1.6041139706314968E-02 2.0968789999999995E+00
1.6716187601688293E-02 2.1586249999999998E+00
1.7389582507798016E-02 2.2208979999999996E+00
1.8061371530713376E-02 2.2830719999999998E+00
1.8731948107270219E-02 2.3448539999999998E+00
1.9402060570795261E-02 2.4070569999999996E+00
2.0072714592209686E-02 2.4681569999999993E+00
2.0745051654589095E-02 2.5298549999999995E+00
2.1420223779624804E-02 2.5913189999999995E+00
2.2099307308155108E-02 2.6542799999999995E+00
2.2777617547117848E-02 2.7157379999999995E+00
2.3454182344104939E-02 2.7792429999999992E+00
2.4129495801819084E-02 2.8416939999999995E+00
2.4804613754548999E-02 2.9033949999999993E+00
2.5480896626627211E-02 2.9648289999999995E+00
2.6159846105857233E-02 3.0261799999999992E+00
2.6842994266360283E-02 3.0875379999999994E+00
2.7528251417510065E-02 3.1496059999999990E+00
2.8212466253264134E-02 3.2108699999999994E+00
2.8895490216564266E-02 3.2726669999999993E+00
2.9578009937305576E-02 3.3347069999999999E+00
3.0261264841215406E-02 3.3961809999999995E+00
3.0946750721260508E-02 3.4574759999999993E+00
3.1636125706959041E-02 3.5196199999999997E+00
3.2328376850843124E-02 3.5813769999999998E+00
3.3020912757427336E-02 3.6434659999999996E+00
3.3710803902064240E-02 3.7045739999999996E+00
3.4398261975980657E-02 3.7654529999999999E+00
3.5087232284852582E-02 3.8266529999999999E+00
3.5779613698825097E-02 3.8903829999999999E+00
3.6475819200548432E-02 3.9531079999999998E+00
3.7175182201487356E-02 4.0144729999999997E+00
3.7876283865854142E-02 4.0764310000000004E+00
3.8574583827023029E-02 4.1382620000000001E+00
3.9267868188074401E-02 4.2001720000000002E+00
3.9961552327377685E-02 4.2620110000000002E+00
4.0658542884479378E-02 4.3238279999999998E+00
4.1360108946848689E-02 4.3857270000000002E+00
4.2066149691281585E-02 4.4475869999999995E+00
4.2775458503129977E-02 4.5102609999999999E+00
4.3484966046952254E-02 4.5722209999999999E+00
4.4186150558121223E-02 4.6349059999999991E+00
4.4885863256802175E-02 4.6974029999999987E+00
4.5588194621018326E-02 4.7612009999999989E+00
4.6295293863397542E-02 4.8231379999999993E+00
4.7007750727608190E-02 4.8849529999999985E+00
4.7724841875952086E-02 4.9463419999999978E+00
4.8444848854300233E-02 5.0083249999999975E+00
4.9155942338268123E-02 5.0700799999999981E+00
4.9863088504408098E-02 5.1318219999999979E+00
5.0571605054050332E-02 5.1934589999999989E+00
5.1284483781954306E-02 5.2558419999999986E+00
5.2003062276323772E-02 5.3178099999999988E+00
5.2727179704704100E-02 5.3798529999999980E+00
5.3455154976557943E-02 5.4412289999999990E+00
5.4178117068173999E-02 5.5043799999999985E+00
5.4894112451153526E-02 5.5664039999999977E+00
5.5609648473319929E-02 5.6284789999999978E+00
5.6328574426917410E-02 5.6906289999999977E+00
5.7052975636361400E-02 5.7522159999999980E+00
5.7783382739770982E-02 5.8143279999999979E+00
5.8518556295140023E-02 5.8769369999999981E+00
5.9254847284938891E-02 5.9389479999999972E+00
5.9981041664949546E-02 6.0011579999999975E+00
6.0704441565750063E-02 6.0636409999999978E+00
6.1429916000064089E-02 6.1263779999999981E+00
