0.0000000000000000E+00 8.9276416000000000E+07
1.0000000000000000E-04 8.9276416000000000E+07
2.1000000000000001E-04 8.9276416000000000E+07
3.3100000000000002E-04 8.9276416000000000E+07
4.6410000000000006E-04 8.9276416000000000E+07
6.1051000000000009E-04 8.9276416000000000E+07
7.7156100000000014E-04 8.9276416000000000E+07
9.4871710000000021E-04 8.9276416000000000E+07
1.1435888100000003E-03 8.9276416000000000E+07
1.3579476910000005E-03 8.9276416000000000E+07
1.5937424601000006E-03 8.9276416000000000E+07
1.8531167061100009E-03 8.9276416000000000E+07
2.1384283767210011E-03 8.9276416000000000E+07
2.4522712143931012E-03 8.9276416000000000E+07
2.7974983358324116E-03 8.9276416000000000E+07
3.1772481694156531E-03 8.9276416000000000E+07
3.5949729863572187E-03 8.9276416000000000E+07
4.0544702849929408E-03 8.9276416000000000E+07
4.5599173134922349E-03 8.9276416000000000E+07
5.1159090448414588E-03 8.9276416000000000E+07
5.7274999493256047E-03 8.9276416000000000E+07
6.4002499442581658E-03 8.9276416000000000E+07
7.1402749386839832E-03 8.9276416000000000E+07
7.9543024325523827E-03 8.9276416000000000E+07
8.8497326758076224E-03 8.9276416000000000E+07
9.6839671560633740E-03 8.9276416000000000E+07
1.0467266025788046E-02 8.9276416000000000E+07
1.1212835997284079E-02 8.9276416000000000E+07
1.1931775378856936E-02 8.9276416000000000E+07
1.2632921544335877E-02 8.9276416000000000E+07
1.3322938591775080E-02 8.9276416000000000E+07
1.4006501214818043E-02 8.9276416000000000E+07
1.4686542836433404E-02 8.9276416000000000E+07
1.5364583005922030E-02 8.9276416000000000E+07
1.6041139706314968E-02 8.9276416000000000E+07
1.6716187601688293E-02 8.9276416000000000E+07
1.7389582507798016E-02 8.9276416000000000E+07
1.8061371530713376E-02 8.9276416000000000E+07
1.8731948107270219E-02 8.9276416000000000E+07
1.9402060570795261E-02 8.9276416000000000E+07
2.0072714592209686E-02 8.9276416000000000E+07
2.0745051654589095E-02 8.9276416000000000E+07
2.1420223779624804E-02 8.9276416000000000E+07
2.2099307308155108E-02 8.9276416000000000E+07
2.2777617547117848E-02 8.9276416000000000E+07
2.3454182344104939E-02 8.9276416000000000E+07
2.4129495801819084E-02 8.9276416000000000E+07
2.4804613754548999E-02 8.9276416000000000E+07
2.5480896626627211E-02 8.9276416000000000E+07
2.6159846105857233E-02 8.9276416000000000E+07
2.6842994266360283E-02 8.9276416000000000E+07
2.7528251417510065E-02 8.9276416000000000E+07
2.8212466253264134E-02 8.9276416000000000E+07
2.8895490216564266E-02 8.9276416000000000E+07
2.9578009937305576E-02 8.9276416000000000E+07
3.0261264841215406E-02 8.9276416000000000E+07
3.0946750721260508E-02 8.9276416000000000E+07
3.1636125706959041E-02 8.9276416000000000E+07
3.2328376850843124E-02 8.9276416000000000E+07
3.3020912757427336E-02 8.9276416000000000E+07
3.3710803902064240E-02 8.9276416000000000E+07
3.4398261975980657E-02 8.9276416000000000E+07
3.5087232284852582E-02 8.9276416000000000E+07
3.5779613698825097E-02 8.9276416000000000E+07
3.6475819200548432E-02 8.9276416000000000E+07
3.7175182201487356E-02 8.9276416000000000E+07
3.7876283865854142E-02 8.9276416000000000E+07
3.8574583827023029E-02 8.9276416000000000E+07
3.9267868188074401E-02 8.9276416000000000E+07
3.9961552327377685E-02 8.9276416000000000E+07
4.0658542884479378E-02 8.9276416000000000E+07
4.1360108946848689E-02 8.9276416000000000E+07
4.2066149691281585E-02 8.9276416000000000E+07
4.2775458503129977E-02 8.9276416000000000E+07
4.3484966046952254E-02 8.9276416000000000E+07
4.4186150558121223E-02 8.9276416000000000E+07
4.4885863256802175E-02 8.9276416000000000E+07
4.5588194621018326E-02 8.9276416000000000E+07
4.6295293863397542E-02 8.9276416000000000E+07
4.7007750727608190E-02 8.9276416000000000E+07
4.7724841875952086E-02 8.9276416000000000E+07
4.8444848854300233E-02 8.9276416000000000E+07
4.9155942338268123E-02 8.9276416000000000E+07
4.9863088504408098E-02 8.9276416000000000E+07
5.0571605054050332E-02 8.9276416000000000E+07
5.1284483781954306E-02 8.9276416000000000E+07
5.2003062276323772E-02 8.9276416000000000E+07
5.2727179704704100E-02 8.9276416000000000E+07
5.3455154976557943E-02 8.9276416000000000E+07
5.4178117068173999E-02 8.9276416000000000E+07
5.4894112451153526E-02 8.9276416000000000E+07
5.5609648473319929E-02 8.9276416000000000E+07
5.6328574426917410E-02 8.9276416000000000E+07
5.7052975636361400E-02 8.9276416000000000E+07
5.7783382739770982E-02 8.9276416000000000E+07
5.8518556295140023E-02 8.9276416000000000E+07
5.9254847284938891E-02 8.9276416000000000E+07
5.9981041664949546E-02 8.9276416000000000E+07
6.0704441565750063E-02 8.9276416000000000E+07
6.1429916000064089E-02 8.9276416000000000E+07
